4294967278,260
4294967278,174
4294967294,76
4294967278,234
4294967294,51
4294967294,417
4294967294,52
4294967294,386
4294967278,232
4294967294,82
4294967278,229
4294967278,230
4294967278,227
4294967294,91
4294967294,88
4294967294,87
4294967294,85
4294967294,84
4294967294,83
4294967278,225
4294967278,226
4294967278,223
4294967278,215
4294967278,219
32,5
32,4
4294967278,217
32,3
32,2
32,1
4294967278,216
4294967279,421
4294967278,317
4294967279,420
4294967278,362
11,3
4294967279,419
4294967278,211
4294967278,361
4294967278,210
4294967279,418
4294967278,209
4294967278,360
4294967278,208
4294967279,417
4294967278,206
31,6
31,5
4294967278,205
31,4
31,3
31,2
31,1
4294967279,416
4294967278,204
4294967278,359
4294967294,471
4294967279,415
4294967278,358
4294967294,429
4294967294,395
4294967294,1020
4294967294,407
4294967294,421
4294967294,385
4294967294,384
4294967294,467
4294967294,466
4294967294,110
4294967294,191
4294967279,414
4294967278,200
4294967278,357
4294967278,0
4294967278,199
4294967294,1032
4294967279,413
4294967278,198
4294967278,356
4294967278,197
4294967278,193
4294967278,195
30,5
30,4
4294967278,194
30,2
30,1
4294967278,311
4294967294,989
4294967278,191
4294967278,192
4294967278,355
4294967278,310
26,5
4294967279,412
4294967278,354
4294967294,1035
4294967294,984
4294967279,411
4294967279,410
4294967278,353
6,3
4294967279,409
4294967279,260
4294967278,187
4294967278,352
4294967278,186
4294967278,185
4294967278,309
4294967278,184
4294967278,182
29,6
29,5
4294967278,181
29,4
29,3
29,2
29,1
4294967278,180
4294967279,408
4294967278,351
4294967279,407
4294967278,350
4294967279,406
4294967278,176
4294967278,349
4294967278,175
4294967294,89
4294967294,988
4294967278,173
4294967278,305
4294967278,172
4294967279,299
4294967279,172
4294967278,168
4294967278,170
4294967278,169
4294967278,348
4294967279,170
4294967278,166
4294967278,167
4294967278,347
4294967278,346
4294967278,345
4294967278,165
27,5
4294967278,164
27,4
27,2
27,1
4294967279,405
4294967279,163
26,4
26,3
26,2
26,1
4294967279,161
4294967279,404
4294967294,115
4294967294,387
4294967279,158
24,5
24,4
24,3
24,2
24,1
4294967279,293
0,7
4294967279,403
4294967278,344
4294967278,343
4294967279,402
4294967279,151
4294967279,401
4294967279,400
4294967294,441
4294967294,437
4294967278,342
4294967279,399
4294967279,398
4294967278,341
4294967294,1
4294967294,970
4294967294,0
4294967279,397
4294967279,396
4294967279,0
4294967294,107
4294967294,81
4294967294,50
4294967294,90
4294967294,86
4294967294,413
4294967294,1421
4294967294,1021
4294967294,982
4294967294,28
4294967294,27
4294967294,53
4294967294,393
4294967294,46
4294967294,388
4294967294,114
4294967294,2
4294967294,44
4294967294,37
4294967294,96
4294967294,94
4294967294,9
4294967294,8
4294967294,93
4294967294,95
4294967278,340
4294967279,142
4294967294,6
4294967294,22
4294967294,42
4294967294,99
4294967279,140
4,4
11,5
4,5
2,4
4294967294,11
4294967278,132
4294967278,131
4294967278,130
4294967278,129
4294967278,128
4294967278,127
4294967278,126
4294967278,125
4294967278,124
4294967278,123
4294967278,122
4294967278,121
4294967278,120
4294967278,119
4294967278,118
4294967278,117
4294967278,116
4294967278,115
4294967278,114
4294967278,113
4294967278,112
4294967278,111
4294967278,110
4294967278,109
4294967278,108
4294967278,107
4294967278,106
4294967278,105
4294967278,104
4294967278,103
4294967278,102
4294967278,101
4294967278,100
4294967278,99
4294967278,98
4294967278,97
4294967278,96
4294967278,95
4294967278,94
4294967278,93
4294967278,92
4294967278,91
4294967278,90
4294967278,89
4294967278,87
4294967278,86
4294967278,85
4294967278,84
4294967278,83
4294967278,82
4294967278,81
4294967278,80
4294967278,79
4294967278,78
4294967278,77
4294967278,76
4294967278,75
4294967278,74
4294967278,73
4294967278,72
4294967278,71
4294967278,70
4294967278,69
4294967278,68
4294967278,67
4294967278,66
4294967278,65
4294967278,64
4294967278,63
4294967278,62
4294967278,61
4294967278,60
4294967278,59
4294967278,58
4294967278,57
4294967278,56
4294967278,55
4294967278,54
4294967278,53
4294967278,52
4294967278,51
4294967278,50
4294967279,60
4294967279,56
4294967279,50
4294967279,49
4294967279,44
4294967279,42
4294967279,35
4294967279,32
4294967279,30
4294967279,25
4294967279,275
4294967279,23
4294967279,21
4294967279,274
4294967279,288
4294967279,18
4294967279,16
4294967279,14
4294967279,11
4294967279,8
4294967279,7
4294967279,6
4294967279,5
4294967279,4
4294967294,92
4294967294,1011
4294967294,991
4294967294,963
4294967294,960
4294967294,60
4294967294,55
4294967294,61
4294967294,30
4294967294,80
0,5
4294967294,40
4294967294,17
4294967294,7
4294967294,12
4294967294,126
4294967294,470
4294967294,25
4294967294,26
4294967294,1023
4294967294,67
4294967294,185
4294967294,182
4294967294,176
